298960 105232 
95688 3393 
353237 62217 
4974 3571 
241892 8 
234866 60961 
397808 171 
235841 5795 
233022 267152 
110598 88 
270663 248 
420607 57543 
225505 3549 
326123 326124 
184101 73485 
362440 71601 
154813 7698 
12961 88 
77058 128781 
341679 68278 
260155 14650 
237395 284374 
329485 68278 
4509 61781 
231425 88 
167177 9175 
411553 2839 
355926 1553 
309074 40298 
138800 13641 
113979 28664 
226146 3549 
157354 113944 
32527 2185 
310906 81236 
64345 88 
443469 352 
265505 112050 
363476 7627 
131776 5226 
329829 1292 
124254 7627 
330615 16460 
75290 42974 
443822 206 
307074 249589 
259319 14376 
58912 50733 
439445 22349 
393932 1988 